SHITOMASI BRISK LIDAR 13.8982 11.2172 18.5951 12.2969 13.7339 7.02131 47.2929 21.5201 12.4533 15.4666 10.0699 10.1097 9.2321 11.1515 8.10346 8.93845 9.45069 9.35069 
SHITOMASI BRISK CAMERA 12.7975 12.9602 14.9496 13.0129 12.3 14.0207 13.8277 13.2469 11.4926 11.5712 10.9571 11.9352 12.8677 11.1774 9.97815 10.9372 11.6857 9.92931 
SHITOMASI BRIEF LIDAR 13.8982 11.2172 18.5951 12.2969 13.7339 7.02131 47.2929 21.5201 12.4533 15.4666 10.0699 10.1097 9.2321 11.1515 8.10346 8.93845 9.45069 9.35069 
SHITOMASI BRIEF CAMERA 14.0745 14.4081 10.2477 11.3027 12.981 13.2703 14.0762 12.7626 11.2406 13.9931 11.4314 11.0871 11.982 12.8031 12.6641 12.4098 11.1687 8.93355 
SHITOMASI ORB LIDAR 13.8982 11.2172 18.5951 12.2969 13.7339 7.02131 47.2929 21.5201 12.4533 15.4666 10.0699 10.1097 9.2321 11.1515 8.10346 8.93845 9.45069 9.35069 
SHITOMASI ORB CAMERA 14.1495 11.9564 12.4381 12.6347 13.5599 13.9876 12.4651 13.2405 11.1899 13.0534 11.0841 11.8747 12.2022 11 9.93227 12.0427 9.94909 8.19618 
SHITOMASI FREAK LIDAR 13.8982 11.2172 18.5951 12.2969 13.7339 7.02131 47.2929 21.5201 12.4533 15.4666 10.0699 10.1097 9.2321 11.1515 8.10346 8.93845 9.45069 9.35069 
SHITOMASI FREAK CAMERA 13.5833 12.7424 13.4354 12.561 12.5574 15.1561 18.9622 13.2998 11.9423 11.9204 11.7837 13.3607 13.1987 12.5187 10.5912 11.0235 11.6181 7.36269 
SHITOMASI SIFT LIDAR 13.8982 11.2172 18.5951 12.2969 13.7339 7.02131 47.2929 21.5201 12.4533 15.4666 10.0699 10.1097 9.2321 11.1515 8.10346 8.93845 9.45069 9.35069 
SHITOMASI SIFT CAMERA 13.6954 12.4049 12.0672 12.807 12.3765 12.3288 12.5425 12.0726 11.7271 13.4962 11.1867 10.3377 12.3493 10.8032 11.2065 9.40698 9.59173 9.10521 
FAST BRISK LIDAR 13.8982 11.2172 18.5951 12.2969 13.7339 7.02131 47.2929 21.5201 12.4533 15.4666 10.0699 10.1097 9.2321 11.1515 8.10346 8.93845 9.45069 9.35069 
FAST BRISK CAMERA 14.129 13.0828 12.9669 12.2204 12.5645 13.3275 13.2787 12.1502 13.0837 12.6289 11.5139 11.9945 11.7136 12.0414 11.1439 11.4196 11.0121 11.3114 
FAST BRIEF LIDAR 13.8982 11.2172 18.5951 12.2969 13.7339 7.02131 47.2929 21.5201 12.4533 15.4666 10.0699 10.1097 9.2321 11.1515 8.10346 8.93845 9.45069 9.35069 
FAST BRIEF CAMERA 11.1541 13.7727 14.0723 13.3546 13.6039 14.2622 14.1187 13.089 13.7409 13.3492 12.3251 12.3305 12.0667 10.4434 12.1132 10.9381 10.3331 10.8587 
FAST ORB LIDAR 13.8982 11.2172 18.5951 12.2969 13.7339 7.02131 47.2929 21.5201 12.4533 15.4666 10.0699 10.1097 9.2321 11.1515 8.10346 8.93845 9.45069 9.35069 
FAST ORB CAMERA 10.8045 12.8325 16.2366 12.8498 13.3698 12.6268 13.2533 13.5738 12.3511 13.7975 12.5004 12.5336 11.4823 11.2159 11.0192 10.9423 10.7456 11.0664 
FAST FREAK LIDAR 13.8982 11.2172 18.5951 12.2969 13.7339 7.02131 47.2929 21.5201 12.4533 15.4666 10.0699 10.1097 9.2321 11.1515 8.10346 8.93845 9.45069 9.35069 
FAST FREAK CAMERA 12.6793 13.0058 12.7042 13.2718 11.5827 11.9056 12.926 12.6222 14.3681 12.81 12.4152 12.16 11.9291 11.6383 9.63708 10.8286 11.0958 11.4876 
FAST SIFT LIDAR 13.8982 11.2172 18.5951 12.2969 13.7339 7.02131 47.2929 21.5201 12.4533 15.4666 10.0699 10.1097 9.2321 11.1515 8.10346 8.93845 9.45069 9.35069 
FAST SIFT CAMERA 11.8684 11.2667 13.1263 12.4984 12.8961 12.6122 12.392 12.1897 10.784 11.9008 11.7039 8.82102 11.5377 10.8242 9.33328 10.5158 8.88399 9.18424 
