AKAZE AKAZE LIDAR 13.8982 11.2172 18.5951 12.2969 13.7339 7.02131 47.2929 21.5201 12.4533 15.4666 10.0699 10.1097 9.2321 11.1515 8.10346 8.93845 9.45069 9.35069 
AKAZE AKAZE CAMERA 12.1088 14.1371 12.7679 14.1043 15.4028 13.6159 15.8085 14.1828 14.3029 11.9612 12.5322 11.1374 11.1494 10.1761 9.50152 9.83169 9.19472 9.20622 
BRISK BRIEF LIDAR 13.8982 11.2172 18.5951 12.2969 13.7339 7.02131 47.2929 21.5201 12.4533 15.4666 10.0699 10.1097 9.2321 11.1515 8.10346 8.93845 9.45069 9.35069 
BRISK BRIEF CAMERA 13.199 15.6562 15.1402 18.128 15.7469 15.8565 13.9183 16.6764 17.6958 11.5856 13.4561 12.8738 12.6469 9.69476 10.7389 11.2691 8.8989 10.8443 
BRISK BRISK LIDAR 13.8982 11.2172 18.5951 12.2969 13.7339 7.02131 47.2929 21.5201 12.4533 15.4666 10.0699 10.1097 9.2321 11.1515 8.10346 8.93845 9.45069 9.35069 
BRISK BRISK CAMERA 11.9038 22.9119 14.537 15.5277 24.1367 14.1177 14.8073 17.6139 15.0829 11.433 12.041 10.6904 12.0833 12.3802 13.4952 11.1842 9.4163 11.5953 
BRISK FREAK LIDAR 13.8982 11.2172 18.5951 12.2969 13.7339 7.02131 47.2929 21.5201 12.4533 15.4666 10.0699 10.1097 9.2321 11.1515 8.10346 8.93845 9.45069 9.35069 
BRISK FREAK CAMERA 11.2369 15.4211 12.153 15.5408 27.1506 15.8712 16.8956 22.9223 15.7953 14.161 12.6683 13.115 11.7792 11.5682 14.7055 10.6427 9.85052 10.5616 
BRISK ORB LIDAR 13.8982 11.2172 18.5951 12.2969 13.7339 7.02131 47.2929 21.5201 12.4533 15.4666 10.0699 10.1097 9.2321 11.1515 8.10346 8.93845 9.45069 9.35069 
BRISK ORB CAMERA 22.5037 21.5112 19.5377 17.7678 31.969 39.6045 14.9659 14.4375 16.6475 12.3345 13.3902 13.2953 10.2136 11.6103 14.2308 14.4726 8.55317 13.0225 
BRISK SIFT LIDAR 13.8982 11.2172 18.5951 12.2969 13.7339 7.02131 47.2929 21.5201 12.4533 15.4666 10.0699 10.1097 9.2321 11.1515 8.10346 8.93845 9.45069 9.35069 
BRISK SIFT CAMERA 12.6196 14.9564 16.4866 11.9244 29.0232 16.978 13.4513 21.6471 19.2093 13.7532 14.6071 10.6389 13.318 9.92452 15.0422 10.6328 10.6314 12.0188 
FAST BRIEF LIDAR 13.8982 11.2172 18.5951 12.2969 13.7339 7.02131 47.2929 21.5201 12.4533 15.4666 10.0699 10.1097 9.2321 11.1515 8.10346 8.93845 9.45069 9.35069 
FAST BRIEF CAMERA 12.0641 13.7933 12.8652 13.6303 13.8307 14.6215 13.756 12.9535 13.7133 13.1533 12.6218 11.9311 11.6597 10.5359 11.9921 10.5152 10.001 11.0138 
FAST BRISK LIDAR 13.8982 11.2172 18.5951 12.2969 13.7339 7.02131 47.2929 21.5201 12.4533 15.4666 10.0699 10.1097 9.2321 11.1515 8.10346 8.93845 9.45069 9.35069 
FAST BRISK CAMERA 14.079 12.9536 12.84 12.6853 14.4006 13.6907 13.5054 12.2185 12.7138 13.0576 11.72 12.9625 12.2543 12.1383 11.0998 11.5965 10.3071 11.4484 
FAST FREAK LIDAR 13.8982 11.2172 18.5951 12.2969 13.7339 7.02131 47.2929 21.5201 12.4533 15.4666 10.0699 10.1097 9.2321 11.1515 8.10346 8.93845 9.45069 9.35069 
FAST FREAK CAMERA 12.1811 15.969 13.5009 13.0796 13.1518 11.9676 12.4587 12.6567 13.3156 13.6066 12.0003 13.6067 12.8307 11.913 9.767 10.2219 10.1243 12.9486 
FAST ORB LIDAR 13.8982 11.2172 18.5951 12.2969 13.7339 7.02131 47.2929 21.5201 12.4533 15.4666 10.0699 10.1097 9.2321 11.1515 8.10346 8.93845 9.45069 9.35069 
FAST ORB CAMERA 12.8125 12.565 19.2855 12.2129 16.3156 13.0788 12.1909 12.4368 13.3933 14.0994 12.3002 11.9311 11.6857 12.2294 11.2786 11.232 11.1393 12.3043 
FAST SIFT LIDAR 13.8982 11.2172 18.5951 12.2969 13.7339 7.02131 47.2929 21.5201 12.4533 15.4666 10.0699 10.1097 9.2321 11.1515 8.10346 8.93845 9.45069 9.35069 
FAST SIFT CAMERA 11.6542 11.2663 12.8645 12.2184 12.5844 12.8893 12.273 12.2 10.7343 11.9741 12.2506 8.76538 11.6697 10.8955 9.41265 10.7352 9.50724 9.35436 
HARRIS BRIEF LIDAR 13.8982 11.2172 18.5951 12.2969 13.7339 7.02131 47.2929 21.5201 12.4533 15.4666 10.0699 10.1097 9.2321 11.1515 8.10346 8.93845 9.45069 9.35069 
HARRIS BRIEF CAMERA 14.2952 15.3966 10.0174 12.0218 12.4657 13.5266 14.0762 12.5631 11.4293 12.5008 11.7805 10.6807 12.1365 12.7067 12.8883 12.5715 10.6233 8.90697 
HARRIS BRISK LIDAR 13.8982 11.2172 18.5951 12.2969 13.7339 7.02131 47.2929 21.5201 12.4533 15.4666 10.0699 10.1097 9.2321 11.1515 8.10346 8.93845 9.45069 9.35069 
HARRIS BRISK CAMERA 12.7975 12.9602 14.9496 13.0129 12.1368 14.0207 13.8277 13.2469 11.2894 11.5712 10.9571 11.9352 12.9831 11.1774 9.97815 10.9372 11.7341 9.92931 
HARRIS FREAK LIDAR 13.8982 11.2172 18.5951 12.2969 13.7339 7.02131 47.2929 21.5201 12.4533 15.4666 10.0699 10.1097 9.2321 11.1515 8.10346 8.93845 9.45069 9.35069 
HARRIS FREAK CAMERA 13.8833 13.5599 14.7736 12.632 12.7503 18.3504 20.102 12.9008 12.0223 13.4726 11.7502 13.5881 13.2047 12.978 11.9757 10.9093 11.8304 7.15473 
HARRIS ORB LIDAR 13.8982 11.2172 18.5951 12.2969 13.7339 7.02131 47.2929 21.5201 12.4533 15.4666 10.0699 10.1097 9.2321 11.1515 8.10346 8.93845 9.45069 9.35069 
HARRIS ORB CAMERA 14.0134 12.4397 13.128 12.561 13.817 13.5266 12.9 13.0485 11.2465 13.9931 10.7136 12.7303 13.0768 12.1195 9.9546 13.5186 8.67653 9.12792 
HARRIS SIFT LIDAR 13.8982 11.2172 18.5951 12.2969 13.7339 7.02131 47.2929 21.5201 12.4533 15.4666 10.0699 10.1097 9.2321 11.1515 8.10346 8.93845 9.45069 9.35069 
HARRIS SIFT CAMERA 13.813 12.4049 11.4999 12.7514 12.3705 11.9381 11.6059 12.2294 11.3992 13.9305 10.642 10.101 12.6991 10.5948 11.1867 8.68499 9.31494 8.99451 
ORB BRIEF LIDAR 13.8982 11.2172 18.5951 12.2969 13.7339 7.02131 47.2929 21.5201 12.4533 15.4666 10.0699 10.1097 9.2321 11.1515 8.10346 8.93845 9.45069 9.35069 
ORB BRIEF CAMERA 16.5073 12.1392 25.9815 32.9777 130.378 9.45031 10.3581 595.061 271.325 9.73306 20.1019 10.5132 15.5928 13.6616 13.1413 8.71448 16.7035 18.7349 
ORB BRISK LIDAR 13.8982 11.2172 18.5951 12.2969 13.7339 7.02131 47.2929 21.5201 12.4533 15.4666 10.0699 10.1097 9.2321 11.1515 8.10346 8.93845 9.45069 9.35069 
ORB BRISK CAMERA 19.4375 12.4655 11.718 28.8362 44.2341 10.5895 13.0172 10.6807 14.6258 13.226 9.19704 -inf 12.8 9.48525 8.79792 11.1232 25.7211 26.8134 
ORB FREAK LIDAR 13.8982 11.2172 18.5951 12.2969 13.7339 7.02131 47.2929 21.5201 12.4533 15.4666 10.0699 10.1097 9.2321 11.1515 8.10346 8.93845 9.45069 9.35069 
ORB FREAK CAMERA 11.9371 12.2395 11.0246 10.781 -inf 11.5816 -inf 8.95665 13.47 -inf 5.96008 14.9136 6.3262 31.9846 8.35406 7.46502 11.3219 24.1855 
ORB ORB LIDAR 13.8982 11.2172 18.5951 12.2969 13.7339 7.02131 47.2929 21.5201 12.4533 15.4666 10.0699 10.1097 9.2321 11.1515 8.10346 8.93845 9.45069 9.35069 
ORB ORB CAMERA 15.2998 11.1024 12.6599 35.3418 32.2646 -inf 19.9077 32.5489 -inf -inf 9.19704 -inf 11.606 11.3332 19.071 15.8113 12.505 21.8111 
ORB SIFT LIDAR 13.8982 11.2172 18.5951 12.2969 13.7339 7.02131 47.2929 21.5201 12.4533 15.4666 10.0699 10.1097 9.2321 11.1515 8.10346 8.93845 9.45069 9.35069 
ORB SIFT CAMERA 12.2449 10.126 12.5471 112.643 109.171 19.9934 -inf 10.4477 70.8816 10.8711 10.1214 -inf 7.94456 18.6477 29.7954 9.56045 18.3228 8.42813 
SHITOMASI BRIEF LIDAR 13.8982 11.2172 18.5951 12.2969 13.7339 7.02131 47.2929 21.5201 12.4533 15.4666 10.0699 10.1097 9.2321 11.1515 8.10346 8.93845 9.45069 9.35069 
SHITOMASI BRIEF CAMERA 14.2952 15.3966 10.0174 12.0218 12.4657 13.5266 14.0762 12.5631 11.4293 12.5008 11.7805 10.6807 12.1365 12.7067 12.8883 12.5715 10.6233 8.90697 
SHITOMASI BRISK LIDAR 13.8982 11.2172 18.5951 12.2969 13.7339 7.02131 47.2929 21.5201 12.4533 15.4666 10.0699 10.1097 9.2321 11.1515 8.10346 8.93845 9.45069 9.35069 
SHITOMASI BRISK CAMERA 12.7975 12.9602 14.9496 13.0129 12.1368 14.0207 13.8277 13.2469 11.2894 11.5712 10.9571 11.9352 12.9831 11.1774 9.97815 10.9372 11.7341 9.92931 
SHITOMASI FREAK LIDAR 13.8982 11.2172 18.5951 12.2969 13.7339 7.02131 47.2929 21.5201 12.4533 15.4666 10.0699 10.1097 9.2321 11.1515 8.10346 8.93845 9.45069 9.35069 
SHITOMASI FREAK CAMERA 13.8833 13.5599 14.7736 12.632 12.7503 18.3504 20.102 12.9008 12.0223 13.4726 11.7502 13.5881 13.2047 12.978 11.9757 10.9093 11.8304 7.15473 
SHITOMASI ORB LIDAR 13.8982 11.2172 18.5951 12.2969 13.7339 7.02131 47.2929 21.5201 12.4533 15.4666 10.0699 10.1097 9.2321 11.1515 8.10346 8.93845 9.45069 9.35069 
SHITOMASI ORB CAMERA 14.0134 12.4397 13.128 12.561 13.817 13.5266 12.9 13.0485 11.2465 13.9931 10.7136 12.7303 13.0768 12.1195 9.9546 13.5186 8.67653 9.12792 
SHITOMASI SIFT LIDAR 13.8982 11.2172 18.5951 12.2969 13.7339 7.02131 47.2929 21.5201 12.4533 15.4666 10.0699 10.1097 9.2321 11.1515 8.10346 8.93845 9.45069 9.35069 
SHITOMASI SIFT CAMERA 13.813 12.4049 11.4999 12.7514 12.3705 11.9381 11.6059 12.2294 11.3992 13.9305 10.642 10.101 12.6991 10.5948 11.1867 8.68499 9.31494 8.99451 
SIFT BRIEF LIDAR 13.8982 11.2172 18.5951 12.2969 13.7339 7.02131 47.2929 21.5201 12.4533 15.4666 10.0699 10.1097 9.2321 11.1515 8.10346 8.93845 9.45069 9.35069 
SIFT BRIEF CAMERA 12.5896 15.0758 14.7389 23.1945 16.8318 12.4959 17.5954 15.7423 13.0591 12.2083 11.4993 11.1642 9.46112 9.80209 9.18243 8.33886 8.73503 9.37958 
SIFT BRISK LIDAR 13.8982 11.2172 18.5951 12.2969 13.7339 7.02131 47.2929 21.5201 12.4533 15.4666 10.0699 10.1097 9.2321 11.1515 8.10346 8.93845 9.45069 9.35069 
SIFT BRISK CAMERA 13.2969 13.5986 13.1614 19.2912 19.871 10.7544 15.7167 15.2247 13.679 11.6707 14.8033 10.2076 10.0189 10.7575 8.68375 9.18657 9.53037 9.55464 
SIFT FREAK LIDAR 13.8982 11.2172 18.5951 12.2969 13.7339 7.02131 47.2929 21.5201 12.4533 15.4666 10.0699 10.1097 9.2321 11.1515 8.10346 8.93845 9.45069 9.35069 
SIFT FREAK CAMERA 11.4086 12.9393 14.2733 16.4076 17.1368 11.7441 15.2979 17.4263 18.0045 11.4917 14.4201 10.5866 9.68364 11.5133 10.6786 8.61467 10.0003 11.4887 
SIFT SIFT LIDAR 13.8982 11.2172 18.5951 12.2969 13.7339 7.02131 47.2929 21.5201 12.4533 15.4666 10.0699 10.1097 9.2321 11.1515 8.10346 8.93845 9.45069 9.35069 
SIFT SIFT CAMERA 12.7671 12.0685 13.5363 18.2048 15.439 11.4505 13.2669 15.6126 16.575 11.511 12.0481 11.6227 9.15246 9.67081 9.61236 9.59734 8.39234 8.52757 
